24772
1354
712
1046
714
715
723
733
1047
739
742
741
740
743
865
859
865
743
731
730
729
732
724
706
704
703
702
699
1031
551
557
556
708
709
707
705
707
1045
706
725
1044
726
727
701
700
748
747
746
752
751
750
690
691
692
749
692
694
695
697
698
1011
551
549
547
544
545
546
543
542
540
541
415
414
413
416
417
418
420
421
419
538
539
537
696
536
529
531
530
534
533
687
685
686
535
520
521
527
523
522
495
435
434
432
430
394
392
393
395
355
391
390
389
431
388
387
1032
386
385
380
372
373
374
1023
363
362
1014
359
358
255
256
258
257
252
251
249
248
247
245
264
265
323
268
311
312
313
316
317
305
304
319
318
321
322
325
324
334
333
338
339
340
348
349
401
402
403
406
405
404
398
399
400
352
351
336
335
263
262
261
260
259
354
353
396
428
427
426
524
525
526
422
423
424
425
426
433
429
396
397
396
394
392
390
391
378
377
1033
375
1033
376
356
357
256
254
253
234
235
237
250
237
238
239
236
233
229
228
226
227
222
224
219
221
217
216
213
214
207
209
215
213
218
220
223
225
231
230
232
230
231
360
361
365
364
365
369
368
367
211
210
201
202
203
194
193
196
195
198
197
187
184
183
185
186
192
204
68
208
205
208
206
67
66
64
65
62
63
191
63
62
61
59
58
57
56
166
165
167
181
168
178
179
447
450
451
453
454
455
458
462
473
474
500
502
1027
478
476
477
452
475
478
1027
479
464
465
449
446
1022
382
1021
190
189
180
188
182
181
168
169
164
170
171
172
176
177
175
453
451
448
463
464
479
480
481
1038
483
1039
484
485
1028
444
445
1029
383
384
379
381
371
370
199
200
212
211
366
211
210
205
204
192
65
62
60
55
54
49
47
46
48
53
48
46
45
42
43
36
148
146
139
138
140
141
142
112
110
102
101
99
88
87
86
85
86
87
88
99
101
102
110
114
115
117
118
119
120
122
558
559
565
567
568
567
565
564
563
572
573
574
599
608
599
598
609
619
620
621
635
590
591
592
640
656
657
1043
664
663
662
661
660
772
773
771
779
770
764
763
764
765
766
755
756
753
756
755
759
757
683
681
679
684
689
688
754
755
766
767
783
782
781
782
852
853
856
768
769
745
744
728
748
747
749
692
693
532
529
528
422
407
408
409
412
410
345
343
344
347
410
345
342
341
330
329
328
327
320
322
326
329
332
329
331
340
339
338
337
350
400
352
261
245
244
266
267
269
310
309
273
271
270
243
241
240
241
242
272
271
273
274
276
277
278
279
280
281
294
288
283
284
285
286
287
290
289
293
292
296
295
291
295
297
298
302
303
306
303
301
302
307
300
299
300
307
315
313
314
308
275
277
278
294
281
282
281
294
278
277
275
308
309
310
269
267
266
244
245
246
245
261
260
353
394
430
432
434
436
437
492
491
513
515
516
512
1018
510
511
490
1040
487
1040
489
438
488
439
441
440
442
443
442
485
484
486
484
1039
483
1038
482
504
503
596
595
642
641
655
654
642
593
589
594
595
597
653
645
648
673
512
516
678
517
1013
517
1012
518
519
518
514
494
493
495
521
527
528
422
421
419
414
415
346
411
346
415
541
544
548
550
552
554
555
553
555
708
710
711
710
719
718
720
721
722
721
720
736
735
734
716
734
735
737
868
867
877
879
881
890
889
888
891
892
887
892
893
894
895
896
948
953
952
951
954
955
956
957
967
965
966
964
989
988
987
985
984
981
980
979
978
977
976
1049
986
970
971
969
968
969
1010
957
959
958
954
951
950
949
1048
943
942
941
960
1009
962
996
995
990
991
992
1052
983
1050
1051
983
932
992
993
992
932
832
833
834
826
823
827
822
821
1005
820
1005
828
829
1002
829
830
1000
832
932
983
982
981
977
975
974
973
972
1049
986
985
1050
992
932
832
833
834
835
836
811
810
801
793
614
793
794
613
612
604
605
1034
611
610
1019
618
619
620
623
624
622
632
633
634
637
638
639
1041
658
659
636
659
631
1020
660
772
775
774
1017
786
785
844
843
842
806
805
808
839
838
836
811
810
809
803
802
804
788
787
807
785
776
774
629
630
625
626
627
628
617
790
789
791
792
791
616
615
614
793
801
800
799
798
797
796
795
604
603
602
601
600
606
1035
607
609
598
575
571
570
576
577
578
1015
569
565
564
563
562
561
560
559
566
468
466
122
558
122
120
121
123
124
127
126
128
125
154
133
153
152
156
157
161
158
159
174
173
172
171
170
162
163
151
160
151
150
52
51
50
45
44
43
37
41
38
40
39
33
32
34
35
36
149
148
147
146
145
139
138
140
141
143
23
24
30
29
26
27
28
31
30
29
26
25
15
14
16
22
17
20
75
21
76
77
78
100
102
101
103
98
91
90
96
95
94
93
92
90
1024
89
1025
1026
89
88
80
79
72
73
70
71
81
83
87
82
87
86
84
1
2
3
4
7
6
5
6
69
9
18
10
11
12
19
9
8
9
74
20
17
12
13
14
16
22
143
141
1053
111
112
110
109
108
107
106
104
97
104
103
99
103
104
106
105
107
108
116
115
114
113
135
134
131
132
137
136
137
144
145
155
153
133
129
130
118
117
118
119
467
126
456
457
459
460
461
471
472
497
470
469
496
579
581
580
582
583
584
585
588
587
586
582
498
499
501
594
506
505
503
596
1036
508
507
509
644
643
646
653
652
651
650
649
648
647
645
648
673
674
677
680
676
675
672
682
670
671
667
1042
666
665
668
1037
669
1016
758
760
761
762
771
779
778
780
849
848
851
1030
847
1004
846
845
777
845
846
914
915
916
841
917
840
926
927
935
934
928
929
835
825
824
816
815
837
815
813
812
815
1003
814
1003
817
818
819
821
828
829
830
1000
831
1001
832
931
930
933
999
998
997
994
995
996
963
962
1009
960
941
940
939
938
961
1008
937
936
937
1007
924
923
921
922
920
919
913
914
918
925
924
923
1006
922
942
943
944
945
901
899
900
947
946
899
898
897
889
890
881
879
878
866
864
863
905
906
908
907
862
860
861
855
857
858
784
769
768
856
853
854
850
910
909
911
912
911
902
903
904
880
881
882
883
884
885
886
874
873
872
871
875
876
869
870
738
868
737
735
717
713
712